4,75,74,31,76,79,27,19,69,46,98,59,83,23,90,52,87,6,11,92,80,51,43,5,94,17,15,67,25,30,48,47,62,71,85,58,60,1,72,99,3,35,42,10,96,49,37,36,8,44,70,40,45,39,0,63,2,78,68,53,50,77,20,55,38,86,54,93,26,88,12,91,95,34,9,14,33,66,41,13,28,57,29,73,56,22,89,21,64,61,32,65,97,84,18,82,81,7,16,24

30 46 94 20  2
4 67 69 75 65
27 4 85 28 60
57 58 42 36 78
35 98 87 91 93

72 71 91 73 19
 2 13 14  8 74
42 34 31 56  9
82 59 44 67 79
4  6 98 10 30

97 29 15 61 83
46 69 51 71 17
40 94 49 14 66
52 20 57 62 80
19 72 75 84 36
